0 0.0838095238095 0.266497461929 0.047619047619 0.0964467005076
0 0.169047619048 0.320642978003 0.0466666666667 0.0896785109983
0 0.350476190476 0.296954314721 0.0571428571429 0.103214890017
0 0.405238095238 0.281725888325 0.0428571428571 0.0862944162437
0 0.450952380950 0.513536379019 0.0561904761905 0.103214890017
0 0.478095238095 0.273265651438 0.0304761904760 0.0659898477157
0 0.527619047619 0.263959390863 0.0285714285714 0.0846023688663
0 0.56 0.275803722504 0.0419047619048 0.0947546531303
0 0.612380952381 0.309644670051 0.0380952380950 0.0812182741117
0 0.650476190476 0.346869712350 0.0419047619048 0.0947546531303
0 0.714761904760 0.368866328257 0.0561904761905 0.111675126904
0 0.76619047619 0.253807106599 0.0352380952381 0.077834179357
0 0.882380952381 0.230964467005 0.0447619047619 0.082910321489
0 0.939523809524 0.253807106599 0.0485714285714 0.0913705583756
0 0.368095238095 0.230964467005 0.0371428571429 0.0659898477157
0 0.299523809524 0.230118443316 0.0371428571429 0.0609137055838
