0 0.669 0.658653846154 0.120 0.188186813187
0 0.803 0.559065934066 0.130 0.195054945055
0 0.9425 0.45467032967 0.059 0.104395604396
0 0.828 0.258241758240 0.066 0.0851648351648
0 0.931 0.221153846154 0.034 0.0686813186813
0 0.6865 0.364697802198 0.079 0.111263736264
0 0.6315 0.198489010989 0.043 0.0755494505495
0 0.5635 0.451923076923 0.073 0.112637362637
0 0.3685 0.456730769231 0.073 0.122252747253
0 0.509 0.363324175824 0.06 0.0782967032967
0 0.2515 0.419642857143 0.061 0.0755494505495
0 0.1185 0.527472527473 0.073 0.118131868132
0 0.0515 0.381868131868 0.055 0.0796703296703
0 0.2395 0.222527472527 0.057 0.0714285714286
0 0.358 0.169642857143 0.050 0.0755494505495
0 0.4785 0.218406593407 0.029 0.0576923076923
0 0.533 0.256868131868 0.034 0.0604395604396
0 0.1425 0.173076923077 0.057 0.0741758241758
