0 0.0104166666667 0.355555555556 0.0191666666667 0.0266666666667
0 0.116666666667 0.379259259259 0.00 0.0296296296296
0 0.0354166666667 0.454074074074 0.0375 0.0666666666667
0 0.0966666666667 0.542962962963 0.03 0.0696296296296
0 0.2075 0.442962962963 0.0533333333333 0.100740740741
0 0.229583333333 0.37037037037 0.0225 0.0533333333333
0 0.259583333333 0.343703703704 0.0208333333333 0.0385185185185
0 0.325 0.36 0.0133333333333 0.0266666666667
0 0.3 0.394814814815 0.0166666666667 0.037037037037
0 0.320833333333 0.474814814815 0.035 0.0696296296296
0 0.35375 0.437037037037 0.0191666666667 0.0533333333333
0 0.400416666667 0.452592592593 0.0558333333333 0.0962962962963
0 0.45375 0.62962962963 0.0658333333333 0.136296296296
0 0.596666666667 0.472592592593 0.0233333333333 0.0651851851852
0 0.644583333333 0.407407407407 0.0208333333333 0.0474074074074
0 0.688333333333 0.5 0.035 0.0725925925926
0 0.84875 0.648888888889 0.159166666667 0.308148148148
0 0.94125 0.744444444444 0.0608333333333 0.128888888889
