0 0.0840277777778 0.265909090909 0.0472222222220 0.0909090909091
0 0.166666666667 0.315909090909 0.0472222222220 0.0840909090909
0 0.354166666667 0.299431818180 0.0486111111111 0.0920454545455
0 0.301388888889 0.235795454545 0.0291666666667 0.0602272727273
0 0.370833333333 0.233522727273 0.0291666666667 0.0465909090909
0 0.406944444444 0.279545454545 0.0430555555556 0.0659090909091
0 0.433680555556 0.252840909091 0.01875 0.0556818181818
0 0.45625 0.476704545455 0.0472222222220 0.0875
0 0.479513888889 0.273295454545 0.03125 0.0579545454545
0 0.527430555556 0.267045454545 0.0298611111111 0.0659090909091
0 0.561458333333 0.279545454545 0.04375 0.0795454545455
0 0.614583333333 0.306818181818 0.0388888888889 0.0727272727273
0 0.652777777778 0.332386363636 0.0472222222220 0.0897727272727
0 0.714236111111 0.35625 0.0548611111111 0.0988636363636
0 0.719444444444 0.213636363636 0.0291666666667 0.0704545454545
0 0.769097222220 0.259090909091 0.0423611111111 0.0727272727273
0 0.883333333333 0.238636363636 0.0416666666667 0.0704545454545
0 0.939583333333 0.256818181818 0.0472222222220 0.0818181818182
0 0.840972222220 0.255113636364 0.0236111111111 0.0465909090909
