0 0.206666666667 0.15826873385 0.0533333333333 0.078811369509
0 0.289166666667 0.383720930233 0.0433333333333 0.0671834625323
0 0.465416666667 0.206718346253 0.0475 0.0697674418605
0 0.9125 0.198966408269 0.0416666666667 0.0645994832041
0 0.69 0.219638242894 0.0366666666667 0.0516795865633
0 0.609166666667 0.199612403101 0.0333333333333 0.0452196382429
0 0.565416666667 0.231266149871 0.0291666666667 0.0439276485788
0 0.07875 0.19315245478 0.0275 0.0400516795866
0 0.29125 0.152454780360 0.0258333333333 0.0439276485788
0 0.339166666667 0.1834625323 0.0183333333333 0.0335917312661
0 0.38875 0.188630490956 0.0191666666667 0.0284237726098
0 0.9725 0.202842377261 0.0183333333333 0.0284237726098
