0 0.05375 0.0226161369193 0.0558333333333 0.0427872860636
0 0.324583333333 0.0617359413203 0.0541666666667 0.0770171149144
0 0.257083333333 0.171149144254 0.0525 0.0831295843521
0 0.34625 0.18826405868 0.0641666666667 0.107579462103
0 0.06375 0.698655256724 0.119166666667 0.30684596577
0 0.49375 0.419315403423 0.0725 0.117359413203
0 0.687916666667 0.139364303178 0.0558333333333 0.0977995110024
0 0.826666666667 0.19804400978 0.045 0.0855745721271
0 0.779166666667 0.477995110024 0.0716666666667 0.100244498778
0 0.93375 0.35391198044 0.0575 0.0794621026895
