0 0.056640625 0.225073313783 0.0703125 0.0865102639296
0 0.18994140625 0.208211143695 0.0654296875 0.099706744868
0 0.314453125 0.203812316716 0.068359375 0.099706744868
0 0.40576171875 0.239736070381 0.0615234375 0.0689149560117
0 0.45703125 0.244134897361 0.0625 0.0982404692082
0 0.7060546875 0.219941348974 0.060546875 0.140762463343
0 0.84619140625 0.285923753666 0.0712890625 0.134897360704
0 0.896484375 0.552052785924 0.078125 0.145161290323
0 0.80859375 0.635630498534 0.083984375 0.112903225806
0 0.61083984375 0.613636363636 0.0712890625 0.118768328446
0 0.5234375 0.505131964809 0.068359375 0.145161290323
0 0.34912109375 0.596041055718 0.0888671875 0.115835777126
0 0.14013671875 0.506598240469 0.0732421875 0.127565982405
