0 0.0291077257889 0.275520833333 0.0408052230686 0.0760416666667
0 0.139009793254 0.286458333333 0.0364526659410 0.0708333333333
0 0.230413492927 0.297395833333 0.0375408052231 0.0739583333333
0 0.277203482046 0.202604166667 0.0331882480958 0.0739583333333
0 0.334058759521 0.244270833333 0.0337323177367 0.078125
0 0.438792165397 0.272395833333 0.0375408052231 0.078125
0 0.566104461371 0.2609375 0.0342763873776 0.078125
0 0.652067464635 0.308854166667 0.0331882480958 0.065625
0 0.74401523395 0.3 0.0342763873776 0.0708333333333
0 0.837051142546 0.353125 0.0408052230686 0.0666666666667
0 0.952937976061 0.315625 0.0451577801959 0.0791666666667
