0 0.235321528425 0.212060847519 0.0419384902144 0.0735240854763
0 0.271901211556 0.214415067005 0.0330848089469 0.0507062658457
0 0.341798695247 0.193589279247 0.0372786579683 0.0633828323071
0 0.212488350419 0.411988409996 0.0689655172414 0.106120970663
0 0.31325722274 0.530423759507 0.0971575023299 0.161173487867
0 0.39224137931 0.209163346614 0.0253960857409 0.0467222021007
0 0.414725069897 0.242665700833 0.0330848089469 0.057225642883
0 0.483108108108 0.299710249909 0.0496272134203 0.103947844984
0 0.547297297297 0.219304599783 0.0330848089469 0.0735240854763
0 0.672996272134 0.436798261499 0.0859739049394 0.13763129301
0 0.881290773530 0.868344802608 0.161463187325 0.243027888446
0 0.770969245107 0.283773994929 0.0591798695247 0.0916334661355
