0 0.0221875 0.489222118088 0.041875 0.078725398313
0 0.0875 0.453608247423 0.045 0.0693533270853
0 0.191875 0.453608247423 0.0475 0.0731021555764
0 0.28625 0.425960637301 0.0425 0.0627928772259
0 0.348125 0.448922211809 0.04625 0.0824742268041
0 0.4834375 0.467197750703 0.045625 0.0759137769447
0 0.5040625 0.425960637301 0.028125 0.0852858481724
0 0.6134375 0.43908153700 0.025625 0.0477975632615
0 0.691875 0.330834114339 0.05 0.0937207122774
0 0.87 0.354264292409 0.05875 0.0880974695408
0 0.9915625 0.378163074039 0.016875 0.0740393626992
0 0.9265625 0.374414245548 0.046875 0.0777881911903
