0 0.431640625 0.686400937866 0.13203125 0.202813599062
0 0.5375 0.794255568581 0.071875 0.162954279015
0 0.667578125 0.820046893318 0.12421875 0.202813599062
0 0.816796875 0.759085580305 0.09296875 0.158264947245
0 0.654296875 0.463657678781 0.06796875 0.120750293083
0 0.719921875 0.423798358734 0.06796875 0.109026963658
0 0.508203125 0.378663540445 0.04765625 0.0867526377491
0 0.5609375 0.326494724500 0.05625 0.0855803048066
0 0.59765625 0.217467760844 0.0375 0.0668229777257
0 0.680859375 0.196951934349 0.03671875 0.0586166471278
0 0.53515625 0.202813599060 0.0375 0.0609613130129
0 0.5796875 0.15592028136 0.0296875 0.042203985932
0 0.647265625 0.143610785463 0.03515625 0.0457209847597
0 0.73984375 0.13305978898 0.034375 0.0386869871043
0 0.91484375 0.132473622509 0.025 0.0304806565064
