0 0.0445 0.390569395018 0.081 0.0978647686833
0 0.1405 0.370106761566 0.089 0.167259786477
0 0.2085 0.346085409253 0.041 0.0836298932384
0 0.3455 0.679715302491 0.113 0.192170818505
0 0.443 0.648576512456 0.086 0.144128113879
0 0.5875 0.639679715300 0.133 0.229537366548
0 0.497 0.443060498221 0.040 0.14590747331
0 0.1745 0.205516014235 0.035 0.0836298932384
0 0.1225 0.138790035587 0.041 0.0747330960854
0 0.03 0.208185053381 0.058 0.11743772242
0 0.1955 0.0435943060498 0.027 0.0480427046263
0 0.244 0.119217081851 0.020 0.0462633451957
0 0.2635 0.189501779359 0.043 0.0836298932384
0 0.41 0.320284697509 0.04 0.103202846975
0 0.38 0.216192170819 0.038 0.0622775800712
0 0.3345 0.164590747331 0.037 0.05871886121
0 0.3765 0.156583629893 0.043 0.0569395017794
0 0.333 0.0560498220641 0.026 0.0551601423488
0 0.2925 0.0604982206406 0.011 0.0391459074733
0 0.3955 0.0800711743770 0.023 0.0462633451957
0 0.410 0.115658362989 0.03 0.0462633451957
0 0.510 0.208185053381 0.040 0.0925266903915
0 0.5045 0.279359430605 0.041 0.085409252669
0 0.5165 0.0507117437720 0.013 0.0516014234875
0 0.578 0.0596085409253 0.020 0.0409252669039
0 0.6365 0.0409252669039 0.027 0.0533807829181
0 0.68 0.377224199288 0.060 0.103202846975
0 0.687 0.181494661920 0.028 0.0711743772242
0 0.681 0.524021352313 0.028 0.076512455516
0 0.748 0.579181494660 0.080 0.172597864769
0 0.8165 0.774911032028 0.123 0.247330960854
0 0.848 0.281138790036 0.06 0.113879003559
0 0.895 0.262455516014 0.034 0.101423487544
0 0.74 0.359430604980 0.050 0.0747330960854
0 0.7965 0.212633451957 0.049 0.0836298932384
0 0.7805 0.112989323843 0.045 0.0871886120996
0 0.910 0.128113879004 0.00 0.0604982206406
