0 0.19482421875 0.449652777778 0.0791015625 0.145833333333
0 0.09130859375 0.342013888889 0.0615234375 0.118055555556
0 0.28173828125 0.262152777778 0.0517578125 0.0798611111111
0 0.34912109375 0.239583333333 0.0615234375 0.0868055555556
0 0.4267578125 0.287326388889 0.048828125 0.0815972222222
0 0.47265625 0.357638888889 0.05859375 0.107638888889
0 0.54638671875 0.368923611111 0.0673828125 0.0850694444444
0 0.38037109375 0.0980902777778 0.0224609375 0.0434027777778
0 0.4658203125 0.0807291666667 0.0234375 0.0434027777778
0 0.67578125 0.457465277778 0.091796875 0.154513888889
0 0.13037109375 0.203125 0.0361328125 0.0833333333333
0 0.265625 0.183159722220 0.044921875 0.0677083333333
0 0.576171875 0.0572916666667 0.015625 0.03125
0 0.7978515625 0.904513888889 0.068359375 0.190972222222
0 0.84033203125 0.542534722220 0.0869140625 0.171875
0 0.82568359375 0.287326388889 0.0673828125 0.102430555556
0 0.8173828125 0.426215277778 0.037109375 0.0920138888889
0 0.77783203125 0.210069444444 0.0439453125 0.100694444444
0 0.86962890625 0.174479166667 0.0341796875 0.0677083333333
