0 0.277454780360 0.246124031008 0.0277777777778 0.0406976744186
0 0.486757105943 0.234496124031 0.0381136950904 0.0639534883721
0 0.614341085271 0.294573643411 0.0490956072351 0.0678294573643
0 0.717700258398 0.327034883721 0.0439276485788 0.0668604651163
0 0.837209302326 0.300387596899 0.062015503876 0.0852713178295
0 0.977713178295 0.286821705426 0.0419896640827 0.110465116279
0 0.222545219638 0.283430232558 0.0213178294574 0.0377906976744
0 0.194121447028 0.258720930233 0.0226098191214 0.0426356589147
0 0.156007751938 0.261627906977 0.0200258397933 0.0368217054264
0 0.120801033590 0.25726744186 0.0232558139535 0.0300387596899
