0 0.1290625 0.209888059701 0.038125 0.0690298507463
0 0.24625 0.223880597015 0.05125 0.0746268656716
0 0.34 0.243936567164 0.04 0.0569029850746
0 0.4325 0.126865671640 0.05875 0.0970149253731
0 0.4878125 0.173041044776 0.031875 0.0475746268657
0 0.56125 0.181436567164 0.04875 0.0755597014925
0 0.63125 0.372667910448 0.04625 0.0736940298507
0 0.685625 0.154850746269 0.05 0.0764925373134
0 0.7703125 0.212686567164 0.048125 0.0783582089552
0 0.8378125 0.231809701493 0.030625 0.0550373134328
0 0.879375 0.232742537313 0.0425 0.0606343283582
0 0.904375 0.183302238806 0.025 0.0419776119403
0 0.974375 0.157649253731 0.05125 0.0820895522388
