0 0.0422727272727 0.953957996769 0.0718181818180 0.092084006462
0 0.121818181818 0.855411954766 0.0709090909091 0.13408723748
0 0.264090909091 0.502423263328 0.0481818181818 0.1098546042
0 0.260454545455 0.222132471729 0.0572727272727 0.092084006462
0 0.0836363636364 0.32633279483 0.0454545454545 0.10662358643
0 0.0227272727273 0.281906300485 0.0309090909091 0.0856219709208
0 0.563181818180 0.90549273021 0.0718181818180 0.127625201939
0 0.518636363636 0.810177705977 0.0645454545455 0.0985460420032
0 0.499090909091 0.415993537964 0.0618181818180 0.108239095315
0 0.482272727273 0.222940226171 0.0609090909091 0.0904684975767
0 0.487727272727 0.0670436187399 0.0554545454545 0.075928917609
0 0.661818181818 0.223747980614 0.0545454545455 0.111470113086
0 0.641363636364 0.489499192246 0.0536363636364 0.103392568659
0 0.748636363636 0.221324717286 0.0590909090909 0.116316639742
0 0.822272727273 0.138933764136 0.0572727272727 0.0872374798061
0 0.896363636364 0.319063004847 0.0672727272727 0.101777059774
0 0.934090909091 0.685783521809 0.0627272727273 0.101777059774
