0 0.0469728601253 0.267617449664 0.0501043841336 0.0989932885906
0 0.108037578288 0.248322147651 0.0594989561587 0.0973154362416
0 0.276617954071 0.147651006711 0.0459290187891 0.0939597315436
0 0.237995824635 0.343959731544 0.0438413361169 0.104026845638
0 0.315240083507 0.301174496644 0.0501043841336 0.0989932885906
0 0.396659707724 0.311241610738 0.0563674321503 0.102348993289
0 0.448329853860 0.232382550336 0.0574112734864 0.0922818791946
0 0.511482254697 0.286073825503 0.0584551148225 0.0989932885906
0 0.571503131524 0.251677852349 0.0594989561587 0.104026845638
0 0.693110647180 0.280201342280 0.0480167014614 0.0872483221477
0 0.74739039666 0.286073825503 0.0438413361169 0.105704697987
0 0.839248434238 0.252516778523 0.0647181628390 0.112416107383
0 0.94363256785 0.239093959730 0.0584551148225 0.105704697987
0 0.342379958246 0.198825503356 0.0521920668058 0.0922818791946
0 0.988517745303 0.38255033557 0.0229645093946 0.0805369127517
