0 0.0177083333333 0.516203703704 0.0239583333333 0.0435185185185
0 0.0763020833333 0.805092592593 0.0223958333333 0.0361111111111
0 0.0747395833333 0.494907407407 0.0255208333333 0.0416666666667
0 0.138541666667 0.506018518519 0.025 0.0527777777778
0 0.134635416667 0.375462962963 0.0244791666667 0.0472222222222
0 0.184895833333 0.385185185185 0.0125 0.0462962962963
0 0.0921875 0.15462962963 0.0177083333333 0.0388888888889
0 0.27421875 0.688888888889 0.0286458333333 0.0574074074074
0 0.339583333333 0.898611111111 0.0322916666667 0.0601851851852
0 0.303645833333 0.624074074074 0.0260416666667 0.0537037037037
0 0.2765625 0.415740740741 0.0208333333333 0.0444444444444
0 0.372916666667 0.491666666667 0.0197916666667 0.0462962962963
0 0.39375 0.701388888889 0.028125 0.0546296296296
0 0.429166666667 0.815277777778 0.028125 0.0601851851852
0 0.398177083333 0.802314814815 0.0307291666667 0.0601851851852
0 0.482291666667 0.918981481481 0.01875 0.0453703703704
0 0.49296875 0.658796296296 0.0286458333333 0.0564814814815
0 0.475260416667 0.605555555556 0.0317708333333 0.037037037037
0 0.45234375 0.455555555556 0.0255208333333 0.0462962962963
0 0.360416666667 0.375 0.0260416666667 0.0425925925926
0 0.232291666667 0.262037037037 0.021875 0.0351851851852
0 0.38359375 0.275925925926 0.0223958333333 0.0425925925926
0 0.362239583333 0.208333333333 0.0244791666667 0.0425925925926
0 0.276822916667 0.0842592592593 0.0171875 0.0351851851852
0 0.314583333333 0.0523148148148 0.015625 0.0342592592593
0 0.340364583333 0.166666666667 0.0192708333333 0.0314814814815
0 0.416145833333 0.161111111111 0.0197916666667 0.0333333333333
0 0.255208333333 0.206944444444 0.0177083333333 0.0342592592593
0 0.439583333333 0.377314814815 0.025 0.0398148148148
0 0.474739583333 0.319444444444 0.0213541666667 0.0462962962963
0 0.507552083333 0.368518518519 0.0213541666667 0.0444444444444
0 0.519010416667 0.484722222220 0.0203125 0.0398148148148
0 0.632291666667 0.879166666667 0.03125 0.0564814814815
0 0.677083333333 0.968055555556 0.0354166666667 0.0583333333333
0 0.62421875 0.572685185185 0.0265625 0.0416666666667
0 0.631770833333 0.406944444444 0.0239583333333 0.037962962963
0 0.562760416667 0.384259259259 0.0244791666667 0.0462962962963
0 0.581770833333 0.347685185185 0.0197916666667 0.0342592592593
0 0.587239583333 0.283796296296 0.0192708333333 0.0361111111111
0 0.53046875 0.206944444444 0.0192708333333 0.0324074074074
0 0.330989583333 0.0175925925926 0.0140625 0.0296296296296
0 0.451041666667 0.0328703703704 0.01875 0.037962962963
0 0.519270833333 0.0777777777778 0.0166666666667 0.0351851851852
0 0.56484375 0.0319444444444 0.0151041666667 0.0305555555556
0 0.652604166667 0.139814814815 0.0197916666667 0.037037037037
0 0.6640625 0.28287037037 0.01875 0.0324074074074
0 0.70078125 0.394907407407 0.0203125 0.037962962963
0 0.73203125 0.614814814815 0.0296875 0.0518518518519
0 0.728125 0.448148148148 0.0229166666667 0.0444444444444
0 0.751302083333 0.494444444444 0.0255208333333 0.0444444444444
0 0.76484375 0.418981481481 0.0223958333333 0.0453703703704
0 0.7609375 0.587962962963 0.021875 0.0462962962963
0 0.70859375 0.074537037037 0.0140625 0.0305555555556
0 0.670052083333 0.0166666666667 0.0171875 0.0314814814815
0 0.734635416667 0.0171296296296 0.0109375 0.0324074074074
0 0.769791666667 0.0365740740741 0.0135416666667 0.0324074074074
0 0.810677083333 0.207407407407 0.0203125 0.0407407407407
0 0.865364583333 0.115277777778 0.0192708333333 0.0305555555556
0 0.910416666667 0.112037037037 0.01875 0.0333333333333
0 0.895572916667 0.184259259259 0.0192708333333 0.037037037037
0 0.890104166667 0.262037037037 0.0208333333333 0.0407407407407
0 0.857552083333 0.292592592593 0.0192708333333 0.0388888888889
0 0.91171875 0.3125 0.0213541666667 0.0416666666667
0 0.952083333333 0.250925925926 0.0135416666667 0.0277777777778
0 0.923958333333 0.380092592593 0.0229166666667 0.0453703703704
0 0.95625 0.458796296296 0.0260416666667 0.0398148148148
0 0.967708333333 0.310648148148 0.0197916666667 0.0453703703704
0 0.85859375 0.0787037037037 0.0130208333333 0.0277777777778
0 0.9890625 0.67962962963 0.021875 0.0537037037037
0 0.98828125 0.587037037037 0.0234375 0.0462962962963
0 0.940104166667 0.511574074074 0.0208333333333 0.0361111111111
