0 0.077734375 0.647222222220 0.13359375 0.286111111111
0 0.325 0.392361111111 0.0296875 0.0597222222222
0 0.407421875 0.4 0.03359375 0.075
0 0.546484375 0.318055555556 0.03203125 0.0611111111111
0 0.13359375 0.409027777778 0.015625 0.0291666666667
0 0.4421875 0.365972222220 0.0140625 0.0291666666667
0 0.490234375 0.366666666667 0.01640625 0.0361111111111
0 0.641796875 0.341666666667 0.01953125 0.025
0 0.703125 0.359027777778 0.0296875 0.0513888888889
0 0.9 0.302083333333 0.171875 0.320833333333
0 0.215625 0.4 0.0109375 0.0361111111111
