0 0.045654296875 0.591796875 0.07275390625 0.109375
0 0.083251953125 0.429361979167 0.03369140625 0.0553385416667
0 0.11865234375 0.394856770833 0.0224609375 0.0397135416667
0 0.196533203125 0.429036458333 0.03369140625 0.0442708333333
0 0.2333984375 0.363606770833 0.0244140625 0.041015625
0 0.17041015625 0.349609375 0.01953125 0.0286458333333
0 0.285888671875 0.531901041667 0.10498046875 0.16796875
0 0.40234375 0.390625 0.021484375 0.03125
0 0.289306640625 0.3544921875 0.02099609375 0.025390625
0 0.4423828125 0.454752604167 0.0390625 0.052734375
0 0.541748046875 0.4453125 0.05712890625 0.0846354166667
0 0.490966796875 0.392903645833 0.01318359375 0.0305989583333
0 0.44677734375 0.3857421875 0.0166015625 0.0188802083333
0 0.583740234375 0.3544921875 0.02587890625 0.0319010416667
0 0.701904296875 0.3955078125 0.02490234375 0.025390625
0 0.74853515625 0.443684895833 0.0224609375 0.033203125
0 0.824462890625 0.44921875 0.04638671875 0.06640625
0 0.89208984375 0.402018229167 0.01953125 0.0319010416667
0 0.989501953125 0.466471354167 0.02099609375 0.0631510416667
0 0.6611328125 0.369791666667 0.01171875 0.015625
0 0.700927734375 0.345377604167 0.01318359375 0.017578125
0 0.7294921875 0.363606770833 0.013671875 0.0162760416667
0 0.777099609375 0.401692708333 0.02001953125 0.03125
0 0.961669921875 0.3916015625 0.02001953125 0.033203125
0 0.9833984375 0.372395833333 0.0107421875 0.0182291666667
