0 0.08349609375 0.234992679356 0.0458984375 0.0658857979502
0 0.1875 0.115666178624 0.033203125 0.0497803806735
0 0.2548828125 0.282576866764 0.04296875 0.0614934114202
0 0.36962890625 0.088579795020 0.0322265625 0.0424597364568
0 0.4140625 0.147144948755 0.041015625 0.0629575402635
0 0.517578125 0.355783308931 0.052734375 0.0878477306003
0 0.45458984375 0.0827232796486 0.0361328125 0.0541727672035
0 0.5185546875 0.0915080527086 0.033203125 0.0512445095168
0 0.61865234375 0.265739385066 0.0439453125 0.0688140556369
0 0.6064453125 0.207906295754 0.03515625 0.0556368960469
0 0.59912109375 0.0402635431918 0.0244140625 0.0336749633968
0 0.66455078125 0.135431918009 0.0322265625 0.0424597364568
0 0.74755859375 0.0578330893119 0.0302734375 0.0483162518302
0 0.76708984375 0.0600292825769 0.0107421875 0.0351390922401
0 0.953125 0.100292825769 0.03125 0.0453879941435
