0 0.231132075470 0.34034416826 0.0566037735849 0.10707456979
0 0.302830188679 0.258126195029 0.0754716981130 0.145315487572
0 0.408018867925 0.364244741874 0.0669811320755 0.147227533461
0 0.354716981130 0.668260038241 0.0622641509434 0.139579349904
0 0.468867924528 0.23326959847 0.0471698113208 0.122370936902
0 0.533490566038 0.197896749520 0.0481132075470 0.116634799235
0 0.481132075470 0.875717017208 0.0641509433960 0.133843212237
0 0.735377358491 0.251434034417 0.0764150943396 0.166347992352
0 0.905188679245 0.0726577437859 0.0745283018868 0.141491395793
0 0.970283018868 0.116634799235 0.0594339622640 0.164435946463
