0 0.05 0.274296675190 0.0483333333333 0.0677749360614
0 0.185 0.25 0.04 0.0601023017903
0 0.26625 0.255754475703 0.0358333333333 0.0664961636829
0 0.408333333333 0.24104859335 0.0416666666667 0.0626598465473
0 0.45375 0.232097186701 0.0308333333333 0.0549872122762
0 0.487916666667 0.226982097187 0.0291666666667 0.0626598465473
0 0.5225 0.170076726343 0.0333333333333 0.0409207161125
0 0.511666666667 0.281329923274 0.0383333333333 0.0588235294118
0 0.576666666667 0.352941176471 0.0566666666667 0.0869565217391
0 0.6925 0.374040920716 0.0616666666667 0.108695652174
0 0.809583333333 0.184143222506 0.0375 0.0613810741688
0 0.80125 0.345268542199 0.0525 0.0690537084399
0 0.917916666667 0.453964194373 0.0808333333333 0.135549872123
