0 0.083064516129 0.223495702006 0.0516129032258 0.0945558739255
0 0.167338709677 0.280085959885 0.0443548387097 0.0816618911175
0 0.299596774194 0.184097421203 0.0298387096774 0.0587392550143
0 0.350806451613 0.259312320917 0.0548387096774 0.10888252149
0 0.367338709677 0.184813753580 0.0346774193548 0.0601719197708
0 0.406451612903 0.235673352436 0.0403225806450 0.0816618911175
0 0.449193548387 0.471346704871 0.0564516129030 0.0945558739255
0 0.476209677419 0.229226361030 0.0314516129030 0.0630372492837
0 0.528629032258 0.223495702006 0.0298387096774 0.0744985673352
0 0.5625 0.233524355301 0.0427419354839 0.0859598853868
0 0.6125 0.263610315186 0.0379032258065 0.0716332378223
0 0.652016129030 0.303008595989 0.0475806451613 0.0873925501433
0 0.711693548387 0.322349570201 0.0540322580645 0.0974212034384
0 0.764112903226 0.210601719198 0.0395161290323 0.0773638968481
0 0.882661290323 0.189828080229 0.0427419354839 0.0902578796562
0 0.940322580645 0.212034383954 0.0435483870968 0.0916905444126
0 0.841129032258 0.210601719198 0.0225806451613 0.054441260745
