0 0.712916666667 0.378125 0.0675 0.11125
0 0.885416666667 0.275625 0.0558333333333 0.10375
0 0.644166666667 0.245 0.0633333333333 0.1225
0 0.392083333333 0.429375 0.0591666666667 0.08375
0 0.4325 0.341875 0.0516666666667 0.08625
0 0.0404166666667 0.370625 0.0791666666667 0.23125
0 0.331666666667 0.35375 0.045 0.0675
0 0.269166666667 0.32375 0.0516666666667 0.065
0 0.09375 0.318125 0.0375 0.05375
0 0.198333333333 0.314375 0.0416666666667 0.05125
0 0.152916666667 0.286875 0.0208333333333 0.03875
0 0.512916666667 0.281875 0.0275 0.04375
