0 0.135887096774 0.461318051576 0.107258064516 0.200573065903
0 0.182258064516 0.358166189110 0.0741935483871 0.14899713467
0 0.112096774194 0.222063037249 0.0483870967740 0.0974212034384
0 0.327822580645 0.446991404011 0.150806451613 0.272206303725
0 0.195967741935 0.170487106017 0.0483870967740 0.0859598853868
0 0.609274193548 0.482091690544 0.107258064516 0.159025787966
0 0.634274193548 0.175501432665 0.0685483870968 0.107449856734
0 0.753629032258 0.323065902579 0.0798387096774 0.15329512894
0 0.959274193548 0.222779369628 0.0717741935484 0.130372492837
0 0.0193548387097 0.252148997135 0.0370967741935 0.111747851003
