0 0.0325 0.240974729240 0.055 0.0812274368231
0 0.08875 0.279783393500 0.0325 0.0541516245487
0 0.241875 0.228339350181 0.03375 0.0631768953069
0 0.3075 0.231046931408 0.05 0.086642599278
0 0.345625 0.241877256318 0.02875 0.0505415162455
0 0.395 0.278880866426 0.0375 0.0559566787004
0 0.468125 0.277075812274 0.03625 0.0523465703971
0 0.5675 0.31678700361 0.0525 0.0703971119134
0 0.61625 0.218411552347 0.045 0.0649819494585
0 0.715625 0.238267148014 0.03125 0.0541516245487
0 0.75375 0.235559566787 0.0425 0.0703971119134
0 0.830625 0.329422382671 0.04875 0.0703971119134
0 0.905625 0.268953068590 0.04375 0.0794223826715
0 0.425 0.263537906137 0.00 0.0361010830325
