0 0.084765625 0.526377491208 0.07109375 0.126611957796
0 0.132421875 0.909144196950 0.09609375 0.181711606096
0 0.2515625 0.637162954279 0.0640625 0.125439624853
0 0.286328125 0.406799531067 0.04140625 0.0773739742087
0 0.348828125 0.352286049238 0.03828125 0.0762016412661
0 0.50078125 0.461313012896 0.04375 0.0855803048066
0 0.55546875 0.344665885111 0.040625 0.0797186400938
0 0.676171875 0.436107854631 0.03671875 0.063305978898
0 0.769921875 0.487104337630 0.03671875 0.0762016412661
0 0.8671875 0.584994138335 0.040625 0.112543962485
0 0.5984375 0.308909730363 0.04375 0.0808909730363
