0 0.20166015625 0.292805755396 0.0439453125 0.0618705035971
0 0.3203125 0.290647482014 0.044921875 0.0661870503597
0 0.43408203125 0.315827338129 0.0556640625 0.0762589928058
0 0.1005859375 0.278417266187 0.025390625 0.0474820143885
0 0.314453125 0.225899280576 0.03125 0.0489208633094
0 0.24462890625 0.23381294964 0.0205078125 0.0388489208633
0 0.40478515625 0.259712230216 0.0458984375 0.0762589928058
0 0.8603515625 0.287769784173 0.044921875 0.0661870503597
0 0.703125 0.244604316547 0.04296875 0.063309352518
0 0.60107421875 0.255395683453 0.0419921875 0.0647482014388
0 0.89892578125 0.222302158273 0.0283203125 0.0503597122302
0 0.10205078125 0.330215827338 0.0185546875 0.0561151079137
