0 0.267828069033 0.23943254198 0.0439596222729 0.0897510133179
0 0.400521002931 0.22495657209 0.0488440247476 0.0897510133179
0 0.788830999674 0.13810075275 0.0504721589059 0.0955414012739
0 0.88651904917 0.153155761436 0.00814067079127 0.026056745802
0 0.610061869098 0.156050955414 0.00618690980137 0.0121598147076
0 0.517421035493 0.170526925304 0.00455877564311 0.0110017371164
0 0.540214913709 0.165026056746 0.00455877564311 0.00810654313839
0 0.543959622273 0.165026056746 0.00423314881146 0.0104226983208
0 0.564799739499 0.158656629994 0.00488440247476 0.00810654313839
0 0.574731357864 0.163288940359 0.00455877564311 0.00810654313839
