0 0.04625 0.484615384615 0.0191666666667 0.0461538461538
0 0.13375 0.548461538460 0.0358333333333 0.0661538461538
0 0.1825 0.528461538460 0.0583333333333 0.118461538462
0 0.23 0.501538461538 0.0333333333333 0.0676923076923
0 0.320833333333 0.677692307690 0.06 0.109230769231
0 0.0466666666667 0.419230769231 0.0133333333333 0.0230769230769
0 0.0925 0.418461538460 0.015 0.0276923076923
0 0.117083333333 0.425384615385 0.0208333333333 0.0353846153846
0 0.14 0.423076923077 0.0183333333333 0.0307692307692
0 0.29625 0.433076923077 0.0241666666667 0.0507692307692
0 0.320416666667 0.450769230769 0.0175 0.0338461538462
0 0.335 0.511538461538 0.0266666666667 0.0446153846154
0 0.3575 0.409230769231 0.015 0.0338461538462
0 0.442916666667 0.473846153846 0.0275 0.04
0 0.421666666667 0.645384615385 0.03 0.0476923076923
0 0.49625 0.465384615385 0.0191666666667 0.06
0 0.537083333333 0.500769230769 0.0308333333333 0.0661538461538
0 0.525 0.623846153846 0.0416666666667 0.133846153846
0 0.46375 0.374615384615 0.0175 0.0353846153846
0 0.422083333333 0.38 0.0208333333333 0.0369230769231
0 0.64125 0.505384615385 0.0408333333333 0.0661538461538
0 0.576666666667 0.435384615385 0.0233333333333 0.0338461538462
0 0.6775 0.367692307690 0.015 0.0338461538462
0 0.664166666667 0.33 0.015 0.0292307692308
0 0.7775 0.695384615385 0.131666666667 0.249230769231
0 0.959166666667 0.416923076923 0.04 0.0923076923077
0 0.872916666667 0.45 0.0258333333333 0.0507692307692
0 0.0754166666667 0.596923076923 0.0175 0.04
0 0.0633333333333 0.410769230769 0.0133333333333 0.0276923076923
