0 0.790378754898 0.725832789027 0.0988245537658 0.153167864141
0 0.520787984327 0.696930111039 0.102089682194 0.145656433703
0 0.95777100566 0.547681254080 0.0587723117109 0.0875244937949
0 0.186874183718 0.629163945134 0.0838049629950 0.150555192685
0 0.0762951676099 0.507348138470 0.0568132346539 0.0930764206401
0 0.266325642140 0.583932070540 0.0450587723117 0.100587851078
0 0.351763169351 0.532495101241 0.051806704397 0.0780535597649
0 0.391053548106 0.491018941868 0.0568132346539 0.110711952972
0 0.518393556813 0.487263226649 0.0602960383108 0.092749836708
0 0.566935132780 0.485956890921 0.0402699172834 0.0705421293272
0 0.613952982151 0.393043762247 0.0298215063126 0.0551926845199
0 0.726817588158 0.357772697583 0.0417936438833 0.0551926845199
0 0.121462777536 0.411822338341 0.0335219851981 0.0529065969954
0 0.373530692207 0.386675375570 0.0452764475403 0.0679294578707
0 0.515999129299 0.316623122140 0.0141488898563 0.0342913128674
0 0.642359599478 0.310254735467 0.0169786678276 0.0352710646636
0 0.423813670004 0.33442194644 0.0226382237701 0.0385369039843
0 0.253482803657 0.298334421946 0.0189377448846 0.0284128020901
0 0.684915106661 0.371325930764 0.0359164127120 0.0470280862182
0 0.578471919896 0.427335075114 0.0311275576839 0.0538863487916
0 0.914018284719 0.314500326584 0.0208968219417 0.0411495754409
0 0.957988680888 0.305355976486 0.0217675228559 0.0424559111692
0 0.781562908141 0.348465055519 0.0189377448846 0.0326583932071
0 0.937200696561 0.301763553233 0.0180670439704 0.0352710646636
