0 0.119097222220 0.6140625 0.0701388888889 0.084375
0 0.246875 0.561979166667 0.0576388888889 0.0927083333333
0 0.381597222220 0.825520833333 0.0729166666667 0.101041666667
0 0.3125 0.538541666667 0.0472222222220 0.0729166666667
0 0.356944444444 0.418229166667 0.0416666666667 0.065625
0 0.160763888889 0.440104166667 0.0354166666667 0.0677083333333
0 0.150347222220 0.363020833333 0.0229166666667 0.0447916666667
0 0.210069444444 0.319791666667 0.0229166666667 0.0375
0 0.470138888889 0.472916666667 0.0652777777778 0.0895833333333
0 0.530902777778 0.392708333333 0.0409722222220 0.0708333333333
0 0.767013888889 0.463020833333 0.08125 0.109375
0 0.930555555556 0.5328125 0.0375 0.084375
0 0.624652777778 0.3578125 0.0229166666667 0.0677083333333
0 0.558333333333 0.2609375 0.0361111111111 0.059375
0 0.462847222220 0.230208333333 0.0284722222220 0.0479166666667
0 0.3125 0.258854166667 0.0236111111111 0.0510416666667
0 0.09375 0.339583333333 0.0222222222220 0.0583333333333
0 0.0739583333333 0.283333333333 0.0201388888889 0.04375
0 0.151736111111 0.25 0.0298611111111 0.0541666666667
0 0.225694444444 0.214583333333 0.0208333333333 0.0333333333333
