0 0.054296875 0.131944444444 0.07109375 0.133333333333
0 0.173046875 0.151388888889 0.08359375 0.141666666667
0 0.18984375 0.415972222220 0.0859375 0.151388888889
0 0.10546875 0.755555555556 0.078125 0.138888888889
0 0.316015625 0.461805555556 0.08671875 0.165277777778
0 0.29765625 0.813194444444 0.0796875 0.118055555556
0 0.518359375 0.615277777778 0.08828125 0.177777777778
0 0.53125 0.903472222220 0.08125 0.1625
0 0.600390625 0.568055555556 0.07578125 0.147222222222
0 0.734375 0.777083333333 0.078125 0.1625
0 0.84609375 0.320138888889 0.0796875 0.154166666667
0 0.9703125 0.182638888889 0.0578125 0.120833333333
0 0.96640625 0.424305555556 0.0671875 0.148611111111
0 0.8375 0.624305555556 0.078125 0.159722222222
0 0.944921875 0.711805555556 0.09140625 0.1625
0 0.815234375 0.924305555556 0.08671875 0.151388888889
