0 0.09 0.301349325337 0.056 0.0869565217391
0 0.345 0.270614692654 0.050 0.0854572713643
0 0.368 0.683658170915 0.100 0.197901049475
0 0.409 0.47676161919 0.086 0.131934032984
0 0.534 0.254872563718 0.03 0.0599700149925
0 0.616 0.435532233883 0.09 0.154422788606
0 0.6965 0.305847076460 0.045 0.0749625187406
0 0.7725 0.450524737631 0.057 0.0944527736132
0 0.793 0.28035982009 0.050 0.0809595202399
0 0.890 0.527736131934 0.116 0.164917541229
0 0.93 0.212893553223 0.038 0.0599700149925
0 0.874 0.215142428786 0.04 0.0644677661169
0 0.0285 0.610944527736 0.055 0.115442278861
