0 0.0331818181818 0.178448275860 0.0245454545455 0.0637931034483
0 0.0840909090909 0.111206896550 0.0263636363636 0.0603448275862
0 0.117272727273 0.205172413793 0.0272727272727 0.0551724137931
0 0.203181818180 0.185344827586 0.0336363636364 0.0741379310345
0 0.267727272727 0.215517241379 0.0536363636364 0.0827586206897
0 0.311818181818 0.121551724138 0.0290909090909 0.0741379310345
0 0.366363636364 0.120689655170 0.0236363636364 0.0586206896552
0 0.524545454545 0.20775862069 0.04 0.0879310344828
0 0.603181818180 0.176724137931 0.0372727272727 0.0948275862069
0 0.715454545455 0.177586206897 0.0545454545455 0.113793103448
0 0.805 0.193965517241 0.0463636363636 0.101724137931
0 0.895 0.160344827586 0.0372727272727 0.0655172413793
