0 0.431481481481 0.628899835796 0.118518518519 0.249589490969
0 0.535648148148 0.752873563218 0.0731481481481 0.188834154351
0 0.662962962963 0.790640394089 0.125925925926 0.228243021346
0 0.814814814815 0.716748768473 0.0888888888889 0.20197044335
0 0.653703703704 0.364532019704 0.0648148148148 0.144499178982
0 0.719907407407 0.321018062397 0.0638888888889 0.11986863711
0 0.510185185185 0.264367816090 0.0444444444444 0.108374384236
0 0.55787037037 0.199507389163 0.0509259259259 0.0968801313629
0 0.475462962963 0.334975369458 0.0657407407407 0.0952380952381
0 0.596759259259 0.0788177339901 0.0398148148148 0.0689655172414
0 0.681944444444 0.0533661740558 0.037962962963 0.0607553366174
0 0.533796296296 0.0632183908046 0.0361111111111 0.064039408867
