0 0.0975 0.238888888889 0.05125 0.0622222222222
0 0.2625 0.206111111111 0.045 0.0655555555556
0 0.1559375 0.29 0.020625 0.04
0 0.3378125 0.248888888889 0.025625 0.0488888888889
0 0.4253125 0.238888888889 0.036875 0.08
0 0.53125 0.258333333333 0.04 0.0855555555556
0 0.713125 0.262777777778 0.02875 0.0833333333333
0 0.8634375 0.246111111111 0.038125 0.0766666666667
0 0.583125 0.338333333333 0.01 0.0211111111111
0 0.9890625 0.360555555556 0.011875 0.0211111111111
0 0.9765625 0.368888888889 0.014375 0.0266666666667
