0 0.090625 0.828333333333 0.06125 0.0866666666667
0 0.220625 0.828333333333 0.05875 0.0866666666667
0 0.331875 0.858333333333 0.05625 0.0833333333333
0 0.505625 0.9025 0.06875 0.085
0 0.795625 0.769166666667 0.06125 0.075
0 0.95375 0.838333333333 0.055 0.05
0 0.665625 0.661666666667 0.05875 0.0766666666667
0 0.85125 0.509166666667 0.0475 0.0616666666667
0 0.980625 0.57 0.03375 0.0633333333333
0 0.720625 0.505 0.03625 0.0533333333333
0 0.544375 0.680833333333 0.05625 0.0716666666667
0 0.409375 0.6475 0.05375 0.0683333333333
0 0.22625 0.59 0.03 0.0766666666667
0 0.19 0.576666666667 0.055 0.08
0 0.121875 0.573333333333 0.05125 0.0733333333333
0 0.01375 0.545 0.025 0.0733333333333
0 0.02125 0.394166666667 0.04 0.045
0 0.13125 0.3925 0.045 0.0616666666667
0 0.26375 0.431666666667 0.04 0.0566666666667
0 0.345 0.4225 0.045 0.0583333333333
0 0.470625 0.4825 0.05125 0.0616666666667
0 0.571875 0.496666666667 0.04875 0.06
0 0.96625 0.355833333333 0.0425 0.0616666666667
0 0.815625 0.30 0.02875 0.06
0 0.72375 0.3075 0.04 0.065
0 0.65125 0.305833333333 0.045 0.0483333333333
0 0.53875 0.2525 0.04 0.0616666666667
0 0.484375 0.259166666667 0.03375 0.0616666666667
0 0.374375 0.216666666667 0.03375 0.06
0 0.293125 0.233333333333 0.03375 0.0533333333333
0 0.180625 0.205833333333 0.03125 0.0516666666667
0 0.086875 0.203333333333 0.03875 0.0633333333333
0 0.00 0.193333333333 0.0375 0.0566666666667
0 0.01875 0.0983333333333 0.03 0.0466666666667
0 0.1175 0.106666666667 0.0225 0.0466666666667
0 0.208125 0.1425 0.03375 0.0516666666667
0 0.334375 0.1475 0.02875 0.055
0 0.485 0.120833333333 0.0275 0.055
0 0.575 0.153333333333 0.035 0.06
0 0.696875 0.181666666667 0.03625 0.06
0 0.789375 0.160833333333 0.03875 0.065
0 0.901875 0.195 0.03625 0.0566666666667
0 0.986875 0.211666666667 0.02625 0.06
0 0.816875 0.0625 0.03125 0.0483333333333
0 0.741875 0.0708333333333 0.03625 0.0516666666667
0 0.6425 0.0641666666667 0.0325 0.055
0 0.59875 0.0216666666667 0.025 0.04
0 0.515625 0.0591666666667 0.03375 0.045
0 0.448125 0.0616666666667 0.03375 0.04
0 0.380625 0.0483333333333 0.03375 0.0466666666667
0 0.29375 0.0333333333333 0.0375 0.0466666666667
0 0.17625 0.0541666666667 0.025 0.0383333333333
0 0.111875 0.025 0.02375 0.0466666666667
