0 0.198828125 0.0791666666667 0.01015625 0.0222222222222
0 0.217578125 0.0819444444444 0.01171875 0.0277777777778
0 0.256640625 0.0736111111111 0.01328125 0.0305555555556
0 0.324609375 0.0555555555556 0.02578125 0.0583333333333
0 0.302734375 0.143055555556 0.03046875 0.0361111111111
0 0.15 0.0944444444444 0.028125 0.0611111111111
0 0.452734375 0.117361111111 0.01796875 0.0625
0 0.503515625 0.132638888889 0.03828125 0.0847222222222
0 0.59453125 0.197916666667 0.0140625 0.0236111111111
0 0.696484375 0.125694444444 0.03984375 0.0763888888889
0 0.876171875 0.145833333333 0.03671875 0.0944444444444
