0 0.0833333333333 0.315714285714 0.0466666666667 0.0742857142857
0 0.147142857143 0.283571428571 0.0371428571429 0.0614285714286
0 0.197619047619 0.25 0.0295238095238 0.0485714285714
0 0.267142857143 0.325714285714 0.0485714285714 0.0714285714286
0 0.419523809524 0.315714285714 0.0466666666667 0.0714285714286
0 0.506666666667 0.247142857143 0.0819047619048 0.134285714286
0 0.60380952381 0.240714285714 0.0419047619048 0.0871428571429
0 0.695238095238 0.324285714286 0.0285714285714 0.0457142857143
0 0.761904761905 0.279285714286 0.0419047619048 0.0728571428571
0 0.852380952381 0.330714285714 0.0361904761905 0.0614285714286
0 0.936666666667 0.302857142857 0.0352380952381 0.0628571428571
0 0.970952380950 0.292857142857 0.00 0.0485714285714
0 0.279047619048 0.237857142857 0.0285714285714 0.0357142857143
