0 0.0845833333333 0.315555555556 0.0491666666667 0.100740740741
0 0.1675 0.376296296296 0.045 0.0918518518519
0 0.3525 0.351111111111 0.055 0.112592592593
0 0.405416666667 0.327407407407 0.0408333333333 0.082962962963
0 0.452083333333 0.561481481481 0.0525 0.0977777777778
0 0.52625 0.315555555556 0.0308333333333 0.08
0 0.56125 0.325925925926 0.0458333333333 0.0918518518519
0 0.612916666667 0.36 0.0408333333333 0.08
0 0.650416666667 0.394814814815 0.0441666666667 0.0903703703704
0 0.712916666667 0.416296296296 0.0558333333333 0.103703703704
0 0.766666666667 0.302222222220 0.0366666666667 0.077037037037
0 0.8825 0.281481481481 0.0416666666667 0.0888888888889
0 0.93875 0.305185185185 0.0491666666667 0.100740740741
0 0.29875 0.280740740741 0.0341666666667 0.0725925925926
0 0.475833333333 0.325185185185 0.035 0.0666666666667
0 0.367083333333 0.281481481481 0.0375 0.0681481481481
0 0.84 0.302222222220 0.025 0.0533333333333
