0 0.119791666667 0.6125 0.0701388888889 0.0854166666667
0 0.246527777778 0.5625 0.0611111111111 0.0791666666667
0 0.3125 0.534375 0.0472222222220 0.0729166666667
0 0.38125 0.823958333333 0.075 0.1
0 0.472569444444 0.4734375 0.0645833333333 0.0864583333333
0 0.767013888889 0.4625 0.0798611111111 0.108333333333
0 0.931944444444 0.5328125 0.0388888888889 0.0739583333333
0 0.530208333333 0.392708333333 0.0368055555556 0.075
0 0.622916666667 0.355729166667 0.025 0.0635416666667
0 0.560069444444 0.261458333333 0.0354166666667 0.05625
0 0.462152777778 0.2296875 0.0256944444444 0.046875
0 0.161111111111 0.443229166667 0.0333333333333 0.065625
0 0.148958333333 0.3625 0.0256944444444 0.0395833333333
0 0.355208333333 0.418229166667 0.0423611111111 0.0572916666667
0 0.311458333333 0.259375 0.0215277777778 0.04375
0 0.151041666667 0.252604166667 0.0256944444444 0.0427083333333
0 0.209375 0.321354166667 0.0243055555556 0.0364583333333
0 0.0951388888889 0.342708333333 0.0222222222220 0.0395833333333
0 0.0763888888889 0.283333333333 0.0180555555556 0.03125
0 0.223611111111 0.2140625 0.0208333333333 0.0302083333333
