0 0.11 0.563571428571 0.111428571429 0.172857142857
0 0.205714285714 0.815714285714 0.121904761905 0.2
0 0.31619047619 0.473571428571 0.0666666666667 0.107142857143
0 0.238095238095 0.477142857143 0.0495238095238 0.0657142857143
0 0.305714285714 0.345714285714 0.047619047619 0.0771428571429
0 0.417619047619 0.377857142857 0.0447619047619 0.0928571428571
0 0.380952380950 0.344285714286 0.0285714285714 0.0457142857143
0 0.478571428571 0.5 0.0695238095238 0.12
0 0.621428571429 0.39 0.067619047619 0.12
0 0.772857142857 0.347142857143 0.0504761904760 0.0942857142857
0 0.760952380950 0.6 0.0933333333333 0.14
0 0.858571428571 0.887142857143 0.145714285714 0.202857142857
0 0.889523809524 0.377857142857 0.04 0.0728571428571
0 0.951428571429 0.453571428571 0.0495238095238 0.0671428571429
0 0.959047619048 0.712857142857 0.0819047619048 0.214285714286
0 0.686666666667 0.419285714286 0.0419047619048 0.07
0 0.952857142857 0.353571428571 0.0371428571429 0.0471428571429
