0 0.0433333333333 0.3175 0.0586666666667 0.087
0 0.0513333333333 0.463 0.064 0.086
0 0.156 0.3735 0.0866666666667 0.155
0 0.248333333333 0.395 0.0513333333333 0.082
0 0.507333333333 0.181 0.0733333333333 0.12
0 0.825 0.326 0.104666666667 0.17
0 0.909333333333 0.4505 0.0466666666667 0.081
0 0.703333333333 0.45 0.050 0.062
0 0.760666666667 0.4335 0.0333333333333 0.055
0 0.253333333333 0.3035 0.050 0.073
0 0.928333333333 0.371 0.038 0.056
0 0.945 0.4805 0.03 0.063
0 0.557333333333 0.2535 0.030 0.089
