0 0.0965 0.753996447600 0.169 0.321492007105
0 0.2635 0.617229129663 0.103 0.190053285968
0 0.4115 0.515097690941 0.085 0.14920071048
0 0.5485 0.423623445826 0.109 0.214920071048
0 0.6445 0.422735346359 0.087 0.181172291297
0 0.865 0.214031971581 0.048 0.0763765541741
0 0.9195 0.183836589698 0.053 0.101243339254
0 0.74 0.315275310835 0.048 0.0870337477798
0 0.783 0.420071047957 0.070 0.143872113677
0 0.9605 0.440497335700 0.067 0.134991119005
0 0.7545 0.914742451155 0.133 0.170515097691
0 0.4425 0.102131438721 0.033 0.0550621669627
