0 0.0461904761905 0.592639593909 0.0847619047619 0.121827411168
0 0.0861904761905 0.427664974619 0.0390476190476 0.0583756345178
0 0.122380952381 0.394670050761 0.0257142857143 0.0431472081218
0 0.170952380950 0.34961928934 0.0238095238095 0.0317258883249
0 0.0228571428571 0.36230964467 0.0228571428571 0.0266497461929
0 0.197619047619 0.430837563450 0.0371428571429 0.0444162436548
0 0.235714285714 0.361675126904 0.027619047619 0.0380710659898
0 0.286666666667 0.529187817259 0.114285714286 0.162436548223
0 0.291904761905 0.355329949239 0.0257142857143 0.0279187817259
0 0.377619047619 0.368654822335 0.0161904761905 0.0215736040609
0 0.400952380950 0.390862944160 0.0266666666667 0.0329949238579
0 0.442857142857 0.455583756345 0.0438095238095 0.0583756345178
0 0.542380952381 0.446065989848 0.0619047619048 0.0875634517766
0 0.508571428571 0.401015228426 0.0228571428571 0.0456852791878
0 0.44619047619 0.382614213198 0.0180952380950 0.0215736040609
0 0.584285714286 0.352791878173 0.027619047619 0.0279187817259
0 0.701428571429 0.395304568528 0.0257142857143 0.0291878172589
0 0.700476190476 0.346446700508 0.0161904761905 0.0228426395939
0 0.747619047619 0.442258883249 0.0247619047619 0.0317258883249
0 0.728571428571 0.363578680203 0.0171428571429 0.0164974619289
0 0.77619047619 0.399746192893 0.0209523809524 0.0279187817259
0 0.825714285714 0.447969543147 0.0495238095238 0.0634517766497
0 0.891904761905 0.402284263959 0.0238095238095 0.0329949238579
0 0.989047619048 0.46192893401 0.0219047619048 0.0685279187817
0 0.961428571429 0.38769035533 0.0314285714286 0.0342639593909
