0 0.399 0.254448398577 0.07 0.128113879004
0 0.54 0.39590747331 0.058 0.108540925267
0 0.2895 0.890569395018 0.131 0.218861209964
0 0.5375 0.934163701068 0.121 0.131672597865
0 0.84 0.202846975089 0.058 0.106761565836
0 0.6455 0.153914590747 0.063 0.101423487544
0 0.725 0.159252669039 0.06 0.129893238434
0 0.5135 0.254448398577 0.063 0.128113879004
0 0.529 0.0480427046263 0.026 0.0782918149466
0 0.4095 0.0880782918149 0.045 0.0836298932384
0 0.271 0.0338078291815 0.03 0.0640569395018
0 0.1595 0.0880782918149 0.045 0.076512455516
0 0.0515 0.123665480427 0.049 0.0693950177936
0 0.206 0.0551601423488 0.030 0.0640569395018
0 0.7885 0.0409252669039 0.041 0.0782918149466
