0 0.387234042553 0.605673758865 0.16170212766 0.229787234043
0 0.0712765957447 0.875177304965 0.140425531915 0.212765957447
0 0.0957446808511 0.302836879433 0.117021276596 0.163120567376
0 0.339893617021 0.314893617021 0.11170212766 0.141843971631
0 0.660106382979 0.357446808511 0.143617021277 0.184397163121
0 0.528723404255 0.178014184397 0.104255319149 0.160283687943
0 0.743085106383 0.102127659574 0.0946808510638 0.141843971631
0 0.0265957446809 0.333333333333 0.0510638297870 0.110638297872
0 0.871808510638 0.117730496454 0.0946808510638 0.116312056738
0 0.647872340426 0.0985815602837 0.068085106383 0.112056737589
