0 0.0224489795918 0.249094202899 0.030612244898 0.070652173913
0 0.134183673469 0.110507246377 0.0602040816327 0.126811594203
0 0.259693877551 0.32518115940 0.0214285714286 0.070652173913
0 0.408163265306 0.149456521739 0.034693877551 0.0923913043478
0 0.517346938776 0.170289855070 0.0265306122449 0.0833333333333
0 0.50612244898 0.229166666667 0.0285714285714 0.0670289855072
0 0.656632653061 0.228260869565 0.0357142857143 0.0688405797101
0 0.70612244898 0.236413043478 0.0326530612245 0.070652173913
0 0.77193877551 0.300724637681 0.0173469387755 0.0471014492754
0 0.818367346939 0.247282608696 0.0367346938776 0.070652173913
0 0.892857142857 0.272644927536 0.030612244898 0.0634057971014
0 0.927551020408 0.274456521739 0.0265306122449 0.0670289855072
