0 0.842013888889 0.446614583333 0.109375 0.106770833333
0 0.678819444444 0.34375 0.0729166666667 0.130208333333
0 0.614149305556 0.332682291667 0.0737847222220 0.118489583333
0 0.54296875 0.292317708333 0.0703125 0.110677083333
0 0.436631944444 0.297526041667 0.0642361111111 0.10546875
0 0.395833333333 0.28125 0.0364583333333 0.0989583333333
0 0.361545138889 0.292317708333 0.0355902777778 0.0872395833333
0 0.305121527778 0.203125 0.0546875 0.0911458333333
0 0.260850694444 0.249348958333 0.0529513888889 0.08203125
0 0.119357638889 0.265625 0.0338541666667 0.0572916666667
0 0.0247395833333 0.234375 0.0390625 0.0677083333333
