0 0.216111111111 0.283316880553 0.0488888888889 0.0691016781836
0 0.306944444444 0.266041461007 0.045 0.0839091806515
0 0.128333333333 0.626357354393 0.0511111111111 0.143139190523
0 0.370555555556 0.872655478776 0.0988888888889 0.187561697927
0 0.371388888889 0.515794669299 0.065 0.131293188549
0 0.369722222220 0.347976307996 0.0616666666667 0.0878578479763
0 0.463333333333 0.189536031589 0.0433333333333 0.0947680157947
0 0.443333333333 0.244323790721 0.0311111111111 0.0878578479763
0 0.511111111111 0.188548864758 0.0422222222220 0.0848963474827
0 0.464444444444 0.452122408687 0.0555555555556 0.104639684107
0 0.456388888889 0.625863770977 0.0638888888889 0.102665350444
0 0.563611111111 0.509871668310 0.0627777777778 0.129318854886
0 0.616111111111 0.907699901283 0.0888888888889 0.164856860809
0 0.644166666667 0.562685093781 0.0705555555556 0.122408687068
0 0.703333333333 0.788746298124 0.0533333333333 0.153998025666
0 0.679166666667 0.40918065153 0.0505555555556 0.0957551826259
0 0.7575 0.528134254689 0.0583333333333 0.112537018756
0 0.819722222220 0.115992102665 0.035 0.0799605133268
0 0.839722222220 0.50789733465 0.0694444444444 0.0799605133268
