0 0.109259259259 0.491789819376 0.0759259259259 0.188834154351
0 0.272685185185 0.31855500821 0.0898148148148 0.137931034483
0 0.0875 0.226600985220 0.0472222222220 0.0821018062397
0 0.327314814815 0.0927750410509 0.0435185185185 0.0837438423645
0 0.4625 0.329228243021 0.0527777777778 0.100164203612
0 0.523611111111 0.26354679803 0.0361111111111 0.0870279146141
0 0.622685185185 0.27750410509 0.0342592592593 0.0985221674877
0 0.572222222220 0.458128078818 0.0592592592593 0.118226600985
0 0.605092592593 0.673234811166 0.062037037037 0.131362889984
0 0.7625 0.434318555008 0.0675925925926 0.103448275862
0 0.598611111111 0.055829228243 0.0287037037037 0.0689655172414
0 0.823148148148 0.130541871921 0.037037037037 0.047619047619
0 0.956481481481 0.208538587849 0.0685185185185 0.134646962233
0 0.468055555556 0.108374384236 0.0212962962963 0.0656814449918
