0 0.0857638888889 0.269318181818 0.04375 0.0863636363636
0 0.166666666667 0.316477272727 0.0486111111111 0.0738636363636
0 0.301041666667 0.235227272727 0.0284722222220 0.0545454545455
0 0.355208333333 0.297727272727 0.0465277777778 0.0977272727273
0 0.371875 0.238068181818 0.03125 0.0602272727273
0 0.407638888889 0.279545454545 0.0402777777778 0.0772727272727
0 0.454166666667 0.477272727273 0.0486111111111 0.0840909090909
0 0.435069444444 0.25625 0.0145833333333 0.0602272727273
0 0.479166666667 0.275568181818 0.0277777777778 0.0602272727273
0 0.527083333333 0.269318181818 0.0305555555556 0.0681818181818
0 0.560069444444 0.276136363636 0.0423611111111 0.0795454545455
0 0.613194444444 0.305681818180 0.0388888888889 0.0659090909091
0 0.651041666667 0.332954545455 0.0381944444444 0.0772727272727
0 0.714236111111 0.354545454545 0.0534722222220 0.0840909090909
0 0.720833333333 0.217045454545 0.0222222222220 0.0568181818182
0 0.769444444444 0.258522727273 0.0361111111111 0.0715909090909
0 0.840277777778 0.249431818180 0.0194444444444 0.0465909090909
0 0.882638888889 0.239772727273 0.0416666666667 0.0681818181818
0 0.940277777778 0.257954545455 0.0472222222220 0.075
