0 0.0830078125 0.233823529410 0.087890625 0.15
0 0.16796875 0.391176470588 0.140625 0.2
0 0.4033203125 0.364705882353 0.072265625 0.1
0 0.4375 0.214705882353 0.06640625 0.0823529411765
0 0.458984375 0.292647058824 0.05859375 0.108823529412
0 0.5341796875 0.266176470588 0.115234375 0.161764705882
0 0.6787109375 0.264705882353 0.068359375 0.1
0 0.8125 0.276470588235 0.0703125 0.117647058824
0 0.8876953125 0.444117647059 0.111328125 0.152941176471
0 0.88671875 0.242647058824 0.0546875 0.0794117647059
0 0.8603515625 0.122058823529 0.052734375 0.0735294117647
